dni
09881775
08262491
42794783
44807108
40464445
16691353
45142203
07799789
17896798
02726999
29249151
06472040
41379147
76030152
17537267
05641604
02811100
08236035
40134249
43003174
10172924
72203920
07737110
09391218
47710529
29627036
32971154
10315373
31175024
30494806
47483360
28260196
43455947
09039671
40333262
22183232
07551944
32959521
31672317
40342726
19667503
06707373
06529088
80347972
09739945
45382589
00505925
72720836
42204210
40006272
08911520
44905483
21866507
10600955
16674036
03663273
08803658
08092611
45601458
21564196
40231227
40822913
06783615
19908538
43328757
06656244
10438362
07377247
09861385
07254352
06592060
44275599
07880792
02449363
07831436
47902968
10806296
46403013
46171455
45209282
08271323
00480715
42879007
07472882
44144875
07580585
43576154
07613223
47004465
43994234
08222550
07874562
09158553
10806368
47122766
09517783
41360498
07760289
02143312
25638420
48017595
49022314
41595822
18147173
40491793
45972169
20709981
44619723
06591795
47121025
09931723
25701315
40267892
02409237
15840447
09973035
08104229
41620365
07721458
19856757
15300817
22486517
16448130
27167110
10792277
07017937
05338089
40890246
09170224
19994639
46484582
43766183
42356110
10341811
06096613
23893275
42952868
44311185
08612523
06268066
00238062
31420903
06621257
06585778
42344527
04432240
41160918
15687126
33734661
00508595
43565454
72393802
09862157
03860886
40242430
00080625
33647428
18032382
10322765
46548697
01149386
00869829
09649480
29668031
00104988
08697641
05374315
41221397
29353960
10725070
08442481
23277127
07852432
03651264
46299609
44886100
19857823
21563554
41777992
02653616
10494214
27077242
09391698
21485853
05394833
43100322
44105451
00515414
21140532
29542484
26683410
05618705
06779497
00088232
07483116
10207191
07282521
09684487
16495385
43401219
08610551
09304839
00074723
05339167
31649145
41343263
44537881
46476034
42239247
22410354
44555842
31682084
42255132
40879367
40861628
15730337
00508734
10832073
40689082
03243625
07748004
06812826
21520551
03130342
06224037
43286577
23014643
41846184
09506577
45639845
07202572
09535883
06310702
08676866
08266902
73489906
40124523
72517950
10115472
47702896
07775378
10213555
02879257
10128510
45549786
32945234
08232920
10215619
47000860
42846124
42050939
40911658
25456272
09988190
46302073
40345660
41959673
23560241
10708793
40749276
40658946
09548122
44402393
06258437
08074097
02414130
71476965
10205315
00032761
09965725
08464642
42965391
10368096
07440901
44611107
07075151
06624912
29678923
06260735
09980339
42214904
25542661
42557928
47753234
43851800
25568515
08873340
09013597
44779602
07889625
06161792
09381066
41721480
19228665
40804904
01325694
16012643
42726529
09934618
42819693
04809967
15614981
42419177
48200144
01234692
41575913
24706777
27714674
09268904
41728966
71843113
09438684
46741086
18213251
07763387
20035544
01341920
07494412
02446803
09358286
40164776
42335591
43972641
41322808
44909700
44765064
41976687
45546626
44740036
44911836
07704730
04402087
25547628
04648244
10491661
47840570
43626674
09867446
48633240
00510405
10288238
00472815
21280931
29246236
40538451
74028557
09014656
26717139
48542972
44103082
10762763
00795315
40931791
01286434
07686895
17897623
08644612
16540611
16422667
44817057
43519360
70074518
07827893
16706731
16528590
02299700
22190202
48299896
16452937
70463726
70810696
06731880
73497696
08868110
25628904
47359998
80098661
00246474
10058164
44951035
29423559
20047937
07228130
10808552
07641046
70094373
43328141
41799959
23901989
42009517
10543588
26689382
09855086
41125161
25850775
24713881
16674380
16586103
40014429
45620655
80616286
05414805
42628319
00446402
78194976
41886120
00366658
46607813
00242514
43475881
00102365
45433250
72265863
31151251
09632914
41989389
32760225
42346767
21569935
44306903
10862330
06676121
43411614
17905193
10810183
71249465
06432247
42440839
70018245
43037712
16734493
19211244
15648655
18099367
21407774
44853012
41242141
09800161
09893280
10280722
40442674
43460265
09333783
40619472
41265471
17821590
44755076
42213827
23999085
15430673
48117943
07623660
45349869
70218664
07841223
48069623
09065286
45703518
28305524
45810797
40415167
43439722
45418490
09303945
10165373
06269630
44030499
47616839
48011656
41455922
10248604
48187298
46010407
06669959
46835092
44810920
01212128
44763097
25501939
44080351
22451046
46621505
40848347
09298959
45060713
41287974
07535593
24994968
40957240
46635732
00157168
41738609
41975661
23009460
43507173
41135433
07044517
09363068
09803242
71016010
45667911
09839203
41075095
40870490
40246660
10462125
09952318
09424893
44065164
44627585
23962162
48425084
40236844
41924282
45606049
48192571
74262958
42319610
18117360
09719570
40823409
25681735
42247824
47132688
00107269
41813008
32823606
08684964
41207771
70342274
02806597
72198447
23816435
42169238
47704618
43136855
47075704
02831817
42030438
31617680
26715249
40945957
22527790
41144743
42869876
02644140
09488177
04412417
01221126
03200842
10731887
10485187
10283970
40482085
32408084
00256515
08100085
25582350
41690248
42699597
10272969
27058894
29292625
02845160
08620378
45862862
09646590
09032515
80285197
70665870
08251110
42420726
42330308
26681948
21849922
00098389
08638531
45710213
04066298
25567150
07818712
44548037
41411537
42210662
25485737
02743658
70096900
46008146
05644102
43902968
41793375
09160079
08076076
21406695
41382700
03676453
21438901
01134307
03651216
71522735
06672525
07341105
46924058
45238105
02438593
46195162
25553948
40250444
06246968
48594038
20073259
73905135
20040883
06940351
46101727
08677977
10217139
16432273
32926390
00205106
44643881
44546088
31667848
01189446
00229436
44907543
16595799
45542297
29424191
29698656
40710248
43660270
10539970
29628192
29637880
29706575
29247451
43912930
32110403
29415797
40457231
42092229
28063594
04412930
20084124
41709810
07700616
10280036
40663471
25316700
40408887
31044713
46679968
00798872
23977149
10147319
41604343
15728275
25303433
46803243
06068379
42606209
09146972
43820058
23845777
47002620
15987710
73032369
09997336
41375446
43384365
47350392
40353800
19562625
18826628
45241331
08514870
21512419
28269298
08873948
46769366
07986196
25559609
29728043
43025667
07958198
40896598
26692761
44505242
42052703
09585788
20082579
43399302
40815495
80143959
07969113
73051854
43028688
16429203
10291135
47077881
02622370
06801614
21465387
29708571
08512500
29326794
41261665
21533450
29434071
07797630
74822734
29674296
20066995
02833579
45828189
17893593
29301900
29633181
05231324
41478431
16501341
44196942
05414453
40241837
43268804
22660709
16532820
05362026
42979278
09129849
44617857
09552537
10691398
32888238
06217155
42857104
08185259
07766613
05070188
08418270
70036134
40204874
01330879
10167038
29567624
06766273
72553202
15989311
44455743
71232893
46312201
32817479
15631864
23800640
28219445
08204141
44815157
31171595
02443887
08380530
45005642
43610802
31024402
04749053
09579962
00478062
47785498
29385399
28576690
01280915
29534328
22518356
09711715
32980985
25767891
43781857
15440377
08812997
07489582
44258274
72950803
06761932
16676736
42715596
09319653
25406537
40256602
02881755
44455744
70246455
06809623
29723036
01221814
09242784
71376601
42125273
47490904
09918627
48150661
42033988
46968020
07074692
21538011
16002270
15982424
44324583
09764094
40095619
04800042
44344122
45559548
04824144
29579269
46116191
40342473
03688825
00371392
00211845
20088468
05866585
45871599
73027910
00677675
22076365
72089397
40567893
17925698
41034840
43909840
06159912
29520242
42910075
29543525
10390651
42166079
33588709
43293338
15359690
29309349
07609374
16475600
02811430
31041446
28963278
02429864
44382252
09151962
24965523
07944210
07862311
24294050
07916944
46130369
25799622
46855358
31189564
19863071
19916382
10318929
42487476
46710853
44720712
46782396
24005637
40671343
44749415
17924512
06652770
44756974
33670307
42336437
07581113
18202269
80524426
09077358
16489105
17521724
31032187
25697788
07667076
40700972
43287528
01991648
42942543
32838183
45038471
33651529
48396146
21119156
06668764
00361021
23964916
42699423
45561583
10690869
42403422
70435131
29423212
02833565
04817948
42163374
47058507
43313696
41441651
07864208
48519748
28272324
23839476
32987542
02607200
16405497
70546213
15282252
45591954
01546619
20720159
01285039
10354720
28243925
23877718
17916395
07827187
20962480
03320389
07454956
46643796
01297406
45286955
08614822
43940095
45059194
43292734
21543982
72373992
01077197
19526618
01034980
23859622
44121025
23881457
42609475
21140781
41593474
16655831
18129921
40213386
19098725
33433109
07757987
71413877
47227633
10135197
48644676
23269483
42827960
10634825
00080642
45947049
44751366
48615617
27710392
19253993
02643304
42315095
41406039
45840881
45805581
06506278
06435263
09573834
03899712
29362717
23842238
27729996
41691158
19878617
40487273
10268693
40385189
05376273
48471901
07536090
10069748
29703356
21845872
44950632
16698998
01205753
02819552
00832427
76468591
41590593
40287962
05411766
04650698
44649199
19877916
40433602
40139245
45662116
80547275
44436212
40071472
46263720
23011814
00452384
74250873
45126048
06112972
07232177
05382423
72200895
25642499
47672788
07697543
15450378
09679332
05339191
40080478
42843414
45826088
44080428
40447321
17896699
19326977
70026296
71662347
45476222
00000955
16721631
42425239
16717918
45118594
42375901
40766298
80135867
16626915
19432438
20059306
40264288
08881259
07136053
40790654
42816821
24711696
44828928
03302721
32122379
00445571
43639009
40385563
32922090
02665251
73273483
44058707
32403782
46398381
06911579
31009559
47479924
10373039
44675960
42097394
05064242
10273333
18099931
48216240
30767958
09154687
47353712
29557922
08030064
21135928
40157436
09027091
02360070
09579701
16480577
23938100
48086005
16770101
18132016
10583808
62899603
32924776
18092186
44618352
27280356
10554482
00505370
41060199
06173923
42835074
41269504
70762906
42750152
22245012
10804834
22102669
72103843
40555947
46621827
40905574
28806494
41616638
04818249
05372931
45888063
40375853
40363539
41015575
02844298
15608202
46517805
07351115
42691213
42051986
10614207
45746592
44489446
06773079
10370038
41258762
20036514
06969491
19669526
07912355
41339983
46892591
07746302
45685927
25648800
80592675
23857185
41033671
70440561
05383012
19704286
44952681
02430792
45729355
09861982
10303038
43810900
23709881
42148701
45156515
44861297
40595606
73689811
42596953
09018262
10569848
44070610
43169868
70834100
16751831
42191062
70574939
09338490
00408309
43271637
80477875
20117146
09427911
03386442
03885714
02812189
46384163
40484474
41451713
05710859
70352361
05358880
76673555
19329253
47937461
07026029
04417139
46847115
02378711
41109063
42143414
16642438
47306100
18040110
48741060
47963424
46461112
70438934
41752429
16408684
43717076
46256126
08205281
46906205
43810787
00436239
42165916
16519801
21456255
26718112
80144367
46525652
24707302
17938789
21555738
48366585
40938678
42237374
05278708
45431177
26683361
42526271
46168820
16642783
23160861
04748762
80234449
24001372
02394004
44858319
31026621
40911700
22707918
44738503
41855890
07413665
31020275
45423763
26719563
80356445
29646347
46864367
19873483
09069367
10765508
42472061
23950688
22510256
07172085
26678655
09326202
41603199
18172706
02405858
27548690
06220516
41019556
23466321
22507270
29732713
07787126
10770288
21289321
40476249
47847782
72850318
41547215
27545228
26952105
09771763
70450538
20071130
40074913
00954145
28316837
28260719
03891818
45260785
31031443
43813903
00046329
41612157
07896623
23254057
06354697
42225313
10064166
02395838
08670745
06453241
46825060
23861612
32847823
23241421
42134579
23964096
25739687
46685177
24286987
09657216
46373958
42137197
00515099
29299579
45021645
40430050
31011057
20105175
43898309
72800019
25569531
40816522
00434972
71504475
02809598
04063728
08769352
23270354
41078570
09747055
10633465
72121849
32922708
72480526
41188064
46152406
06422831
09711016
40954750
23266182
41833844
70543253
04204588
08615286
19810995
41216097
09336445
44963545
44465504
33432958
33408154
09763893
16463073
01311879
09784045
40858548
00794984
10213424
72221286
45591965
40756691
71073117
80503059
07618149
46107817
41456053
08758855
43415497
29632775
02168119
10633122
10006427
23560610
07804014
02877289
40605824
73095236
41841518
40119724
32264866
08787268
41585463
70239628
42109996
40566303
41571980
41380325
07854556
46111844
16762909
45058792
41167073
40728264
08260900
18135157
20675702
40118808
72765718
06421573
07226594
45858945
44834278
08194313
07817028
17822204
43499841
09086286
29528410
76460263
07886099
70239837
04413969
28596898
16415839
18189843
47344271
41280802
06798413
45327535
10728197
41462018
47667465
40896107
27373679
00506951
45265264
46684903
45621943
21144155
21141134
06682041
04647085
45329377
09503978
09752564
10211713
27665588
23962003
22424381
43594525
22462358
71479957
00819168
48653151
27432155
10182182
42589181
00026617
19920466
08990824
80104961
43462417
45487537
41325392
07734732
20112445
40810042
40853981
40890026
16406601
08199226
20046068
01208105
21541464
31027035
23264784
17936025
46950507
43983383
08408945
44607512
09575873
00062767
42319147
43214877
10416503
10529470
16671343
08486138
73494435
45231627
40276898
29418785
41830004
72766683
30832256
09228683
42486085
08319407
29661515
17549232
61374360
41724267
27437769
18070448
01315269
07724070
04816302
41448555
41365058
04080924
41539057
42830540
42562699
08486528
45074945
16527981
43375815
47083513
41815334
43852094
43333328
01229535
10621936
20565576
44092258
18061505
24000264
44343660
17955822
45101866
43409673
09850425
01325673
40874326
43434182
41961784
00240673
07326881
00206441
09065324
08478372
22482738
41005490
47676437
72017742
16639622
42297560
40201262
70096292
45898255
23010131
25700579
08678996
08531588
16005579
44914759
06680073
10044135
27748564
45575346
05417153
29524733
44780661
08245018
42584945
22402586
23017616
23862823
06685121
08951367
16683565
09458132
20039322
26723819
06134344
40934834
25846308
08649247
42377791
40857492
41532365
41361678
04821929
09729700
47485716
41604502
41808320
47461962
40661499
17439696
41164983
25429531
16405474
31618059
24998812
16447278
20099784
10417514
19996995
17928896
20107851
47086936
09496176
15734133
43779073
75470633
40392352
19911562
40890823
45385268
17901040
18080087
40679566
32869200
45748106
41712601
20999999
25652801
07760439
43778026
32800254
42592969
20005478
41347492
17842425
09933376
46140942
09375576
10528959
19256480
44592365
40901773
32541333
42106127
70287396
70840857
10553330
76796730
09878532
04625296
40531372
23928025
44131257
18105028
16687715
22427587
08386769
03368402
18202901
29656225
16787461
29557511
01214155
40404540
43211379
06942306
24884927
02164131
08228260
01333249
70027553
21866823
29692552
21561335
05329378
42674691
10342732
10723957
46954973
09677079
10266005
25699270
25775290
21859051
16430154
10232050
09637004
44621104
07722198
28205461
07619557
41476831
09742191
42511761
41600061
07936507
09724413
25638183
25442878
10315044
01332358
19226507
44495022
10185361
16780644
07729337
22303026
30421921
29538296
08079198
21858332
07466562
19578185
72876178
00498870
29574816
40600973
40422976
04332384
00128505
72319227
03899443
47850897
29480753
32921039
43926969
10131090
00406071
10027962
41886247
22298600
06262485
00504128
20521785
42771789
23918959
07963591
19211959
25458512
30677475
26634313
80625408
45483590
42238228
10683320
47777141
46239292
16768077
73480360
76256651
22418911
29556682
20589066
09708694
07260181
46116463
44326866
23672042
09670643
41996959
17976278
04000549
42082572
31604376
28297823
40554234
06278031
24965513
44975305
10540319
09599021
21147555
16719182
06267648
31042921
27361499
29292723
32988032
06111676
16643560
04072608
07657900
17540366
32891522
31617377
44294112
17968143
42860076
70121029
43853497
80141134
18166013
09303898
41256048
16478974
10210778
10410906
04647008
17446500
09865797
18092995
44363297
70681639
26686511
23210470
19804110
04402947
04645585
09015780
07193608
21536163
09580379
00478899
06191599
00869751
10766494
10676998
22409045
10379271
09597507
10199496
40328587
23278030
27428781
43482072
25321196
21459438
22268904
80656200
41187802
25637163
42518249
18196637
42159853
40445427
05258305
41364503
00219204
16677847
10547874
05272747
09553265
21452639
41390573
19210234
42129008
20076133
05367975
09878655
07457328
41826450
27080597
41103673
16002918
21561163
10146563
07638265
44756718
25439579
19027102
09913594
10221173
19854481
16616433
08615185
10360808
19811609
40455000
45980492
09410484
43539692
40697629
42022553
09396443
45315197
22303623
43110119
10381779
07256954
41599079
06048176
41665046
09546461
00251132
19835035
42940242
06230824
43001367
09903125
42553569
16176555
26679011
10043352
10073191
08707731
41590383
20042008
41340219
40365659
22672851
09715553
42572649
16606653
28286262
02307761
25487752
40855980
40057693
40611087
16546420
15967007
19943962
27361172
03600399
44758486
47078232
27280894
03668582
70013249
42509916
00974279
06799592
06293751
07855022
45256030
00088047
17900087
72678404
75694949
80535928
18028020
41735976
09302945
70432358
01061401
10129700
40750540
42154670
40199962
06002807
06605545
43096416
28300174
32951349
15430534
05375416
45314028
45427525
44043256
44295216
25754347
10177955
40915371
32967719
06522159
25537948
18033572
06507154
44734282
07639210
42998306
15865090
41200998
27557657
48374961
23690913
47864914
27848107
10417784
31189357
44351889
41693884
09464529
03854754
32778633
07004499
07640235
45484726
03873045
10174734
00326904
00068891
40225844
44449099
70250793
03560520
03888720
46101969
46456215
40705017
71309571
70770332
47275372
00078860
07246692
27729213
42712805
07881526
21141816
09925779
43769339
71636060
80217901
09440072
41678576
40765223
40629246
07474507
08020698
23952108
43590204
44177054
08751306
07223723
09223065
45517997
09245033
28268479
47103296
08491815
06384380
02878466
23705363
20077310
42203124
27715402
17907365
09188393
25715193
01322495
08655027
44291769
19875225
25494633
46053226
20067136
20051359
09791154
15845557
43296663
72192928
09438337
42701454
10789583
00238158
10181163
40095909
28207467
76847170
10035168
09465777
75497950
29471027
29693588
23648538
07871815
43446568
08859668
00250039
32760812
22664818
45513515
28273016
08532200
40057282
43196219
40431287
41842036
00210685
70087295
10668732
07271177
45550573
41217434
10479211
48240963
06804057
40971548
25625931
03692704
27832264
73536400
03859940
22503540
08504334
72552219
06263639
06873355
46296901
42952369
06916032
44802082
72674766
07334611
43942727
10413350
70755505
17629482
71719955
48242790
70159007
40333438
71195905
40914719
41143567
46267920
04640367
09188049
29728540
41457125
01110116
43375429
22497169
47840760
21465470
06243785
08232362
80373569
42991816
44430588
09938125
21257496
40406225
40936907
02706355
16667146
01088231
09017412
42789879
46109747
09676560
00366259
07970518
21493971
70938120
42569850
42915172
09355714
10301996
22489231
71237564
44613978
44058502
33671300
07175580
06424357
29384343
43412864
15363321
08187617
47507709
10485497
00434041
18196788
40087745
06186181
44305298
40531027
44379878
06180677
44775467
07920212
22476849
76684792
08683132
18081466
46899729
45521841
20719835
46572916
21461586
18175275
06049853
09550651
06532648
42734586
10377908
08176284
04811572
28288254
44113723
42075076
09596796
18123137
29547645
06274522
42834886
18168092
43428123
40790144
06842762
19842728
26604315
44874358
02046362
08628356
74224798
06241532
27287173
72072172
48164963
08943839
42554387
33402862
24001571
42313672
44661653
20041467
41264625
25642843
29570898
07901490
40750305
02886933
46507254
42031247
32956888
42236717
25420066
45694981
09281542
08270197
16680993
01311614
01320199
25844619
15630106
09894451
42459027
42753759
42583776
01304438
19862158
02417724
46391676
42117591
46249428
40504128
44790376
01545223
33569440
22290935
21457601
70144277
19504588
42127533
19180733
10527005
19425446
08947184
08648855
17831893
04082072
46632104
02899913
48014756
40525266
18224202
29712019
44557254
01215490
44405993
17857028
29381297
17987105
09998135
18080185
45506824
01327194
18225621
03647401
18161619
28310313
80427443
76991415
33589033
18041053
32930353
41824510
09997565
09838749
07017830
42475825
00485072
46881723
46367059
04805535
05861318
29590342
80025620
21551567
41066414
41596409
46975369
08084481
31013482
32865482
04806763
18196575
31009162
06336696
02448330
04417642
08521569
23938074
29268559
21501326
09559206
42886499
20566596
75221768
02678391
18906049
46213363
47546857
09570563
05365259
09302803
77337076
32917937
44550487
76231375
02448573
07535364
72687468
06660733
18896750
17817706
45162854
47642002
23924037
10007617
01287555
19098476
18212776
42926312
10750446
30642544
20036486
25827856
05374449
44238915
18067224
06827700
23944252
31013661
43492909
43053979
06466118
05311047
02775927
18087197
45544953
48109146
05614172
40783145
46089177
10542482
43042947
04431119
16778984
41073712
45796123
47630559
72551911
44664384
42642713
40810441
10734887
23850123
09177250
29568395
00326366
45977767
02658267
29390992
25669262
01332805
47531595
43328715
43080181
44183817
41861846
09345556
16687726
44527658
71499149
08621131
04434028
41001714
04642733
08166832
02685440
10555391
29284660
45153035
32833098
32303412
43378537
01157063
02886120
17436307
41147951
19849117
20079360
25431615
21791176
77170209
71882522
44111396
47676488
09915617
32923902
40226037
10147769
48855918
09533745
25436931
06782540
45160752
08737279
43801363
07412350
21861728
00501221
01317763
02806884
42793947
40420164
41266872
43249664
19883559
07246887
44399861
00207805
23865799
16017801
21427055
00205387
46127406
41014427
46901280
00207768
06794999
32905775
70128215
00239996
10217495
09698287
43273942
41472606
23854896
23916090
45814993
28286859
77063742
10026610
41111192
80291419
40022704
24718051
20641877
15214720
31188238
01888173
04629393
42278845
40170098
31679159
23878825
42906735
42757367
23840302
70763471
23959510
46659384
44456657
73743479
21288674
23928972
70041378
42024386
48378808
42611628
03374403
29708663
05341313
45957424
16649432
47277112
05261202
02367232
06168750
23811792
08667703
23999143
45162850
09165290
41174350
23988233
07964629
46640024
02856152
10246884
46289397
09080415
19419239
40392556
10154264
09551494
47415435
21523361
04742482
29299045
80678856
15698703
09150740
44461984
41291907
72231226
41731822
77022219
41272552
29506453
33678370
00499588
06849217
41326147
29689486
09965099
33588606
41989886
43642031
19986965
09753299
33760658
47724213
32766721
32110451
08784614
05618111
09736966
31679641
43318635
20889282
15647966
45641094
40583186
04332358
41254514
48429852
31461904
03122715
43167160
41119926
80445752
42467148
41760426
24950470
04202467
41337352
04047340
04070497
47404966
44723692
06511787
43143863
48499488
07148895
33643603
